# Trajectory for replay - Robot arm end-effector poses
# Format: frame_id roll(rad) pitch(rad) yaw(rad) x(m) y(m) z(m)
# Collection time: replay_calibration_eyetohand_20251112_141800
# Collection mode: manual
#----------------------------------------------------------------------
1 -3.141586 -0.000015 0.000005 0.269999 -0.000003 0.478998
2 -2.794840 0.010843 0.000642 0.264378 0.041737 0.483275
3 -2.814373 0.021033 0.021782 0.262718 0.051486 0.477974
4 -2.888078 0.016027 0.117984 0.254401 0.097160 0.475917
5 -2.514273 -0.019159 -0.002557 0.263900 0.068600 0.514414
6 -2.245790 -0.005341 -0.059943 0.267653 0.057525 0.532582
7 -2.037888 0.036125 -0.172388 0.272013 0.052446 0.564686
8 -2.039922 -0.044087 -0.350844 0.290588 0.045425 0.553490
9 -2.097074 -0.109032 -0.266203 0.266012 0.089021 0.556754
10 -2.206844 -0.097052 -0.327274 0.301748 0.088135 0.523204
11 -2.203686 -0.157353 -0.458355 0.326334 0.081825 0.515550
12 -2.290133 -0.337729 -0.414809 0.343859 0.068339 0.494954
13 -2.416270 -0.573446 -0.474786 0.395364 0.041587 0.449349
14 -2.284334 -0.272368 -0.651291 0.380990 0.117457 0.444424
15 -2.187474 -0.302235 -0.647536 0.380411 0.152064 0.495934
16 -2.191821 -0.353345 -0.663024 0.373555 0.166972 0.486238
17 -2.338092 -0.290952 -0.693603 0.370779 0.111645 0.412872
18 -2.288444 -0.411157 -0.552813 0.374671 0.223934 0.428305
19 -2.237777 -0.440541 -0.544824 0.371682 0.239270 0.452588
20 -2.275182 -0.513808 -0.724059 0.327354 0.136724 0.438696
21 -2.229969 -0.496613 -0.894222 0.301258 0.063899 0.430039
22 -2.323825 -0.363931 -0.955160 0.316038 0.022089 0.381113
23 -2.424369 -0.331809 -0.945927 0.387853 0.031987 0.348267
24 -2.360784 -0.442394 -1.205641 0.384936 -0.048188 0.360559
25 -2.672524 -0.937775 -0.584678 0.368202 0.005996 0.385464
26 -2.663824 -0.853639 -0.710648 0.294766 -0.045760 0.345292
27 -2.456744 -0.965850 -0.860684 0.225105 -0.044141 0.353181
28 -2.293645 -0.505142 -0.647966 0.216971 0.140682 0.461547
29 -2.154342 -0.380274 -0.691363 0.159889 0.239376 0.499486
30 -2.101908 -0.521729 -0.620256 0.106014 0.271892 0.512801
31 -2.140555 -0.619775 -0.502403 0.012853 0.255918 0.525806
32 -2.254027 -0.635156 -0.408845 -0.020329 0.240725 0.504453
33 -2.331999 -0.725713 -0.405682 0.032681 0.176447 0.518099
34 -2.241857 -0.499512 -0.609318 0.117515 0.069015 0.489674
35 -2.255030 -0.492751 -0.744645 0.228606 0.095736 0.438930
36 -2.003363 -0.238087 -0.979341 0.217067 0.107344 0.514729
37 -2.047431 -0.557192 -0.804086 0.156925 0.202949 0.488924
38 -1.988409 -0.413125 -0.884481 0.154131 0.205311 0.498192
39 -1.969105 -0.124298 -1.004548 0.157593 0.201408 0.491887
40 -1.992261 -0.124332 -1.020829 0.158030 0.202890 0.480117
41 -2.168795 -0.134245 -1.063104 0.174900 0.178275 0.409158
42 -2.305470 -0.379083 -1.016049 0.205058 0.152459 0.355469
43 -2.198126 -0.422951 -0.870492 0.351277 0.193985 0.403929
44 -2.182598 -0.398204 -0.787644 0.425638 0.240009 0.403693
45 -2.256193 -0.882698 -0.532787 0.272597 0.233806 0.448371
46 3.077629 -1.138436 0.078481 0.019487 0.178451 0.450448
47 -2.393070 -0.909790 -0.632205 0.082447 0.147552 0.415816
48 -2.223368 -0.943482 -0.697441 0.104574 0.194201 0.447249
49 -2.006993 -0.940492 -0.736406 0.149593 0.270694 0.460611
50 -1.972045 -1.080724 -0.750954 0.133442 0.271976 0.446856
51 -1.875565 -0.507447 -1.061650 0.160462 0.227584 0.413432
52 -2.104267 -0.654484 -0.903474 0.370501 0.169568 0.424733
53 -2.519146 -0.173764 -0.464298 0.145854 0.025139 0.530190
54 -3.041349 -0.445592 -0.436210 0.165843 0.007139 0.478032
55 -2.617985 0.059501 -1.165339 0.113720 0.120178 0.477781
56 -2.774663 -0.761027 -0.280215 0.132287 0.168371 0.459052
57 -1.853039 -0.418530 -1.017465 0.173857 0.224557 0.435817
58 -2.266406 -0.653595 -0.709937 0.350538 0.212041 0.410437
59 -2.329185 -1.099376 -0.443368 0.191039 0.275355 0.421130
60 -2.644980 -0.807406 -0.662625 0.313457 -0.006649 0.391685
61 -2.554275 -0.701631 -1.090445 0.300324 -0.140724 0.351617
62 -2.163652 -0.613513 -1.146958 0.270513 0.096107 0.345484
