# Trajectory for replay - Robot arm end-effector poses
# Format: frame_id roll(rad) pitch(rad) yaw(rad) x(m) y(m) z(m)
# Collection time: 20251121_174950
# Collection mode: manual
#----------------------------------------------------------------------
1 -2.168799 -0.134252 -1.063103 0.174901 0.178273 0.409154
2 -2.040784 -0.084746 -1.070672 0.173345 0.179766 0.453474
3 -2.129924 -0.359089 -0.982512 0.174945 0.178863 0.428906
4 -2.183551 -0.355981 -0.988799 0.179748 0.167913 0.405473
5 -2.379847 -0.655632 -0.754259 0.177091 0.166227 0.375583
6 -2.706657 -0.905146 -0.308726 0.174684 0.169424 0.376391
7 -2.476402 -1.051420 -0.455483 0.164865 0.162680 0.394241
8 3.130547 -1.099215 0.193303 0.163013 0.166262 0.377835
9 3.061352 -1.148786 0.290212 0.165670 0.149811 0.397211
10 -2.565628 -0.967037 -0.483911 0.174595 0.112597 0.364628
11 -2.537258 -0.980758 -0.502475 0.173747 0.114813 0.373595
12 -2.215160 -0.685078 -0.732393 0.165483 0.117829 0.380901
13 -1.993934 -0.445788 -0.781250 0.128690 0.157737 0.404084
14 -1.955194 -0.339890 -0.818019 0.120437 0.165562 0.410650
15 -1.802014 -0.169886 -0.862759 0.111040 0.166941 0.433883
16 -1.799351 -0.081305 -0.883615 0.111041 0.166946 0.433931
17 -1.799713 0.099327 -0.925644 0.111819 0.166125 0.434359
18 -1.813191 0.163833 -0.905296 0.096748 0.179738 0.425053
19 -1.818802 0.261701 -0.876109 0.083288 0.188042 0.423273
20 -1.793314 -0.132119 -0.840426 0.093085 0.179613 0.427296
21 -1.848978 -0.154238 -0.697911 0.095487 0.169417 0.409654
22 -1.879572 -0.309224 -0.710760 0.113462 0.185217 0.448184
23 -1.842049 -0.016678 -1.052216 0.124346 0.155418 0.416008
24 -1.842074 -0.046847 -0.934534 0.099190 0.197667 0.413293
25 -1.770544 0.411984 -1.014843 0.112559 0.165477 0.422478
26 -1.758315 0.528758 -1.030480 0.099982 0.170629 0.414804
27 -1.604765 0.296265 -1.013551 0.087301 0.159277 0.426025
28 -1.876344 -0.271602 -0.952786 0.122214 0.176520 0.426243
29 -2.326274 -0.840834 -0.580635 0.171951 0.125782 0.369231
30 -2.632973 -1.021928 -0.203366 0.170430 0.127760 0.368084
31 3.121939 -1.113437 0.395820 0.168311 0.128083 0.370432
32 2.710107 -1.069758 0.858409 0.168385 0.126709 0.372104
33 -2.051654 -0.187197 -1.132898 0.221126 -0.015660 0.337076
34 -2.141615 -0.178637 -1.115409 0.226330 -0.013520 0.318745
35 -2.180853 -0.172877 -0.918396 0.226501 0.030715 0.310412
36 -2.180290 -0.172322 -0.664412 0.211507 0.087028 0.310443
37 -2.033195 -0.189606 -0.530915 0.189803 0.112852 0.340862
38 -1.933539 -0.200261 -0.395231 0.166173 0.133691 0.360632
39 -1.714559 -0.209586 -0.242656 0.130286 0.140202 0.399646
40 -1.626962 -0.437229 -0.281808 0.134905 0.129720 0.420737
41 -1.595706 -0.036986 -0.342383 0.153882 0.118328 0.428464
42 -1.598829 0.323507 -0.355737 0.158310 0.116639 0.425878
43 -1.605360 0.632598 -0.369548 0.160709 0.115753 0.424523
44 -1.912026 0.517279 -0.418201 0.169546 0.127999 0.415499
45 -1.716498 0.528976 -0.360473 0.173341 0.120237 0.439324
46 -1.684422 0.305238 -0.455089 0.173021 0.115142 0.438174
47 -2.019739 -0.299212 -0.477790 0.194047 0.104350 0.415254
48 -2.165171 -0.561132 -0.529068 0.203978 0.088664 0.396335
49 -2.573743 -0.908901 -0.231193 0.218304 0.076062 0.385540
50 2.853039 -1.042227 0.440767 0.233053 0.067404 0.352536
51 -2.602082 -1.007075 -0.147428 0.224528 0.045405 0.337561
52 -1.981146 -0.654181 -0.594326 0.214214 0.024686 0.320140
53 -1.905406 -0.119233 -0.763044 0.204203 0.038443 0.316214
54 -1.752451 -0.117322 -0.773229 0.191165 0.038195 0.343587
55 -2.208937 -0.256900 -0.876780 0.206154 0.034819 0.329076
56 -2.195647 -0.022151 -0.938105 0.201925 0.047205 0.319319
57 -2.018156 0.400960 -0.788531 0.176771 0.073475 0.334275
58 -1.683663 0.510551 -0.662163 0.177404 0.038517 0.387919
59 -2.016746 -0.466010 -0.821015 0.168205 0.104440 0.362115
60 -2.151966 -0.759572 -0.651890 0.175376 0.098212 0.356001
61 -2.096525 0.506254 -1.180134 0.181332 0.086672 0.341896
62 -1.963558 0.317658 -1.294918 0.215068 0.038372 0.367585
63 -1.970345 -0.026448 -1.272263 0.197423 0.063194 0.318559
