# Trajectory for replay - Robot arm end-effector poses
# Format: frame_id roll(rad) pitch(rad) yaw(rad) x(m) y(m) z(m)
# Collection time: 20251119_183512
# Collection mode: manual
#----------------------------------------------------------------------
1 2.915788 -0.348585 0.130972 0.137988 0.042456 0.422328
2 3.047615 0.084418 -0.077029 0.319799 -0.042034 0.514997
3 3.026775 0.103707 -0.044189 0.360483 -0.028688 0.476206
4 3.107346 0.052760 0.122584 0.363249 0.065213 0.464163
5 3.105177 0.009641 0.118885 0.351938 0.062933 0.484866
6 3.088396 0.113868 0.123874 0.319126 0.063219 0.473500
7 3.056725 0.015534 0.223113 0.320513 0.109533 0.477214
8 3.088954 0.037226 0.236997 0.293465 0.121755 0.491423
9 3.085055 0.085183 0.234809 0.286021 0.119973 0.490039
10 3.119530 0.053077 0.235866 0.288527 0.124122 0.492205
11 3.129796 0.034745 0.232738 0.305582 0.125245 0.473607
12 3.112938 0.053535 0.227957 0.281354 0.120411 0.480076
13 3.109974 0.044324 0.239389 0.287730 0.126384 0.472392
14 -3.101407 -0.049368 0.068943 0.319814 0.048936 0.480686
15 -3.132478 0.073614 0.115534 0.301856 0.065838 0.473004
16 -3.130993 -0.076718 0.117578 0.299167 0.067763 0.513921
17 -3.135348 0.014430 0.119527 0.288349 0.066276 0.505861
18 -3.116944 -0.020565 -0.063638 0.287901 0.060281 0.509862
19 -3.110841 -0.017684 -0.317387 0.287182 0.060274 0.511299
20 -3.132988 -0.031087 0.307815 0.286659 0.063995 0.511159
21 -3.120321 0.010711 0.352363 0.306977 0.065433 0.489032
22 -3.112901 -0.175972 0.285314 0.189049 0.017176 0.597122
23 3.113190 -0.178682 0.582190 0.188603 0.018813 0.598802
24 -3.137019 -0.089334 0.731326 0.200356 0.021968 0.572791
25 -3.107250 -0.041180 0.876785 0.196012 0.023628 0.564437
26 -2.978528 -0.086588 0.351059 0.210312 -0.036332 0.551037
27 -2.931194 -0.184603 0.226225 0.236559 -0.080470 0.524268
28 -2.904188 -0.085844 0.207157 0.265442 -0.081351 0.478954
29 -3.054356 -0.295442 0.473879 0.124691 0.000698 0.519245
30 3.097283 -0.268973 0.412832 0.146983 -0.038661 0.485104
31 2.897896 -0.296344 0.508279 0.107144 0.003941 0.520421
32 2.902896 -0.354566 0.543769 0.071675 0.018925 0.567293
33 2.783987 -0.238069 0.777009 0.083742 0.043902 0.548919
34 3.017731 -0.369946 0.064939 0.117205 0.041611 0.499587
35 3.035429 -0.406760 -0.137645 0.114963 0.059962 0.497810
36 3.032690 -0.396370 -0.138688 0.116443 0.059262 0.493541
37 3.135914 -0.371586 -0.087994 0.048329 0.113393 0.556565
38 3.126050 -0.387669 0.156543 0.034726 0.072888 0.569766
39 -3.061490 -0.175199 0.155279 0.148482 0.063177 0.687310
40 3.073586 -0.078397 -0.267922 0.157321 -0.021060 0.684041
41 3.098879 -0.090513 -0.595448 0.155345 -0.020995 0.679898
42 2.988354 -0.123681 0.189366 0.166439 0.007287 0.682406
43 2.844058 -0.132742 0.599419 0.168433 0.051847 0.691673
44 2.844083 -0.132692 0.599411 0.168445 0.051847 0.691655
45 2.831208 0.024249 0.955318 0.182184 0.109277 0.674711
46 3.028486 -0.088956 -0.339372 0.174303 0.036599 0.663738
47 2.917318 -0.146068 -0.308441 0.182305 0.054627 0.639629
48 3.000282 -0.048204 -0.253546 0.186000 0.075114 0.619103
49 3.091299 -0.099066 -0.410272 0.162231 -0.002923 0.619242
50 3.043322 -0.287975 -0.343282 0.062390 0.038869 0.607397
51 -3.055141 -0.285861 -0.040780 0.060984 0.092366 0.592598
52 -2.987742 -0.433454 -0.079002 0.083528 0.091212 0.598714
53 -3.111666 -0.265976 0.335876 0.078191 0.073178 0.574852
54 -3.128854 -0.372092 0.319324 0.039236 0.054846 0.589116
55 3.116060 -0.346581 0.309505 0.006207 0.047067 0.560717
56 3.105215 -0.239529 0.270697 0.039955 0.031852 0.779584
57 3.012693 -0.120608 0.236013 0.079639 -0.086276 0.769668
58 2.787589 -0.271249 0.512065 0.133934 -0.066513 0.786934
59 2.799364 -0.083761 0.334617 0.224759 0.209379 0.605680
60 2.993737 -0.116934 0.126040 0.214968 0.230556 0.599609
61 2.968943 -0.098872 0.139350 0.213307 0.236285 0.587867
