# Trajectory for replay - Robot arm end-effector poses
# Format: frame_id roll(rad) pitch(rad) yaw(rad) x(m) y(m) z(m)
# Collection time: replay_calibration_eyetohand_20251104_175901
# Collection mode: manual
#----------------------------------------------------------------------
1 -2.608862 -0.626388 -0.123552 0.264332 0.047367 0.701675
2 -2.832050 -0.742811 -0.092371 0.294560 -0.069832 0.687799
3 -2.807146 -1.067493 -0.200977 0.294735 -0.064312 0.736284
4 -2.118240 -1.131598 -0.875164 0.274427 -0.015003 0.786427
5 -1.716079 -1.283457 -1.181170 0.188924 0.031331 0.845400
6 -2.205272 -1.173640 -0.719359 0.258178 0.030187 0.789819
7 -1.842330 -0.908039 -1.204401 0.514088 0.034409 0.662832
8 2.552748 -1.301932 0.871194 0.524749 0.106644 0.637507
9 3.095914 -1.124360 0.196551 0.454108 0.001778 0.693884
10 -2.494054 -1.230385 -0.298303 0.397723 0.138150 0.739837
11 -1.381991 -1.295910 -1.518528 0.468577 0.111373 0.685523
12 1.440198 -1.173167 1.977763 0.461841 0.139091 0.686875
13 -1.482341 -1.036643 -1.366869 0.464539 0.133790 0.683857
14 -2.049200 -0.921059 -0.868014 0.546130 0.146618 0.517318
15 2.488138 -1.199920 1.054421 0.537054 0.175511 0.513661
16 -2.257330 -1.019638 -0.561518 0.534824 0.187629 0.490420
17 -2.081730 -1.195192 -0.679933 0.450281 0.203883 0.594236
18 -2.030977 -0.997369 -0.578742 0.405343 0.288443 0.564843
19 -2.438955 -1.249767 -0.125043 0.402694 0.292733 0.565124
20 -2.150016 -1.203382 -0.520776 0.237019 0.288060 0.681246
21 -2.856521 -1.118263 -0.074994 0.418501 0.123498 0.596539
22 -2.806052 -1.504202 -0.099202 0.383780 0.126201 0.689733
23 -2.199972 -1.373398 -0.513792 0.382577 0.225744 0.671954
24 -1.746575 -0.821060 -0.988892 0.381805 0.227623 0.670177
25 2.231106 -1.333248 1.398995 0.375047 0.254183 0.657730
26 0.576638 -1.307286 3.074613 0.352841 0.241733 0.674685
27 -2.985126 -1.198061 0.315913 0.394910 0.262548 0.591465
28 0.868299 -1.474566 2.897288 0.465813 0.277601 0.687462
29 1.715837 -1.377895 2.009253 0.413262 0.271040 0.731877
30 -2.273055 -1.292839 -0.362966 0.356331 0.265326 0.746162
31 -2.991698 -1.147688 0.086714 0.249644 0.179705 0.801716
32 -1.579152 -1.241035 -1.047562 0.454987 0.236193 0.701836
33 -2.558352 -1.056158 -0.304929 0.230451 0.221966 0.802976
34 -2.619287 -0.934497 -0.413403 0.375029 0.134164 0.714199
35 -2.528442 -0.224976 -0.741787 0.401594 0.276123 0.551445
36 -1.936650 -0.264039 -0.924639 0.407126 0.273308 0.614253
37 -2.247310 -0.222438 -0.850949 0.413769 0.273560 0.537865
38 -2.564522 -0.423992 -0.840482 0.246197 0.252224 0.609824
39 -2.141226 -0.176380 -0.877477 0.433845 0.273776 0.474662
40 -2.331008 -0.294371 -1.231185 0.300461 0.071566 0.404261
41 -1.871572 -0.357844 -1.356260 0.289698 0.072984 0.453556
42 -1.547797 -0.622393 -1.239949 0.253130 0.180417 0.542339
43 -1.699566 -0.680919 -0.996800 0.384172 0.236828 0.537202
44 -1.468160 -0.582752 -1.132678 0.313720 0.240508 0.610445
45 -1.585599 -0.635601 -0.920438 0.408550 0.296237 0.570598
47 -2.038488 -0.079931 -1.070501 0.311508 0.172573 0.329111
48 -2.158884 -0.029044 -1.024831 0.303440 0.181935 0.286555
49 -1.518125 0.006912 -1.022159 0.319419 0.180797 0.381807
50 -1.532731 -0.011635 -0.611700 0.222312 0.293959 0.376814
51 -1.506188 0.019739 -1.463834 0.366135 0.021642 0.385879
52 -1.692203 -0.041153 -0.720160 0.314655 0.339646 0.460005
53 -1.490552 -0.072918 -0.920904 0.372531 0.279462 0.550034
54 -1.723151 -0.263271 -0.859681 0.376902 0.312442 0.555987
55 -1.655735 -0.692535 -1.535079 0.498712 -0.012487 0.598052
56 -1.680754 -0.691439 -1.519277 0.504915 -0.012567 0.587822
57 -2.111832 -0.666761 -0.786036 0.442644 0.254522 0.564759
58 -2.423048 -0.633798 -0.663797 0.426428 0.253415 0.548109
59 -1.767105 -0.609519 -0.746463 0.422440 0.326633 0.562947
61 -1.507063 -0.828936 -0.975603 0.393313 0.293286 0.649673
62 -1.644541 -0.795804 -1.210511 0.503524 0.145975 0.597072
63 -1.645592 -0.847358 -0.945418 0.458446 0.262713 0.591789
64 -2.584976 -1.025228 -0.345010 0.278330 0.316154 0.671133
65 -1.983132 -0.479340 -0.746620 0.363465 0.347178 0.610881
66 -1.814701 -0.115043 -1.150348 0.352314 0.150126 0.295297
67 -1.624161 -0.092680 -0.898079 0.315628 0.248607 0.344971
68 -1.317105 -0.140653 -1.025198 0.331592 0.228926 0.421462
69 -1.371360 -0.189815 -1.540191 0.390872 0.037111 0.393944
70 -1.156740 -0.201341 -1.338209 0.356924 0.116087 0.430844
71 -1.748523 -0.187443 -1.187273 0.372432 0.129124 0.323365
72 -1.660769 -0.183659 -0.817089 0.313499 0.266467 0.363451
73 -1.312428 -0.582673 -1.080466 0.332312 0.241428 0.468528
74 -1.134350 -0.522484 -1.286914 0.367324 0.208897 0.528719
75 1.666635 -1.432756 1.683263 0.448897 0.095863 0.573446
