# Trajectory for replay - Robot arm end-effector poses
# Format: frame_id roll(rad) pitch(rad) yaw(rad) x(m) y(m) z(m)
# Collection time: 20251024_171715
# Collection mode: manual
#----------------------------------------------------------------------
1 -1.484283 -0.000801 -1.504427 0.095958 -0.017868 0.408283
2 -1.453376 -0.159654 -1.596771 0.091730 -0.039958 0.511370
3 -1.440992 -0.202804 -1.767995 0.068043 -0.122418 0.505554
4 -1.483617 -0.527768 -1.829186 0.071679 -0.115522 0.501148
5 -1.421224 0.194152 -1.731323 0.060972 -0.163884 0.478943
6 -1.339080 0.042461 -1.682430 0.054872 -0.115071 0.513021
7 -1.851792 -0.097822 -1.686250 0.129160 -0.139024 0.409915
8 -1.522337 -0.054085 -1.570577 0.161023 0.106599 0.398630
9 -1.534111 -0.418605 -1.535738 0.161936 0.033258 0.393316
10 -1.539172 -0.299975 -1.532634 0.161422 0.040285 0.398422
11 -1.552098 0.339411 -1.524683 0.158970 0.064178 0.440644
12 -1.359477 0.092349 -1.551486 0.128322 0.089619 0.410508
13 -1.730151 0.141732 -1.606141 0.173790 0.083137 0.359514
14 -1.708905 0.144511 -1.602619 0.173242 0.083291 0.366544
15 -1.572747 -0.345621 -1.399399 0.137766 0.200226 0.352823
16 -1.658947 0.379595 -1.599197 0.171272 0.107828 0.416013
17 -1.459445 0.230691 -1.475001 0.126001 0.122905 0.388811
18 -1.861308 0.272467 -1.579619 0.169787 0.123292 0.344206
19 -1.986874 0.298247 -1.770875 0.201390 0.095101 0.333981
20 -1.589596 0.073977 -2.174873 0.191564 0.016336 0.332605
21 -1.547865 -0.024775 -2.423864 0.180406 -0.047820 0.320488
22 -1.613424 -0.187264 -2.476635 0.186386 -0.060529 0.294809
23 -1.601762 0.310482 -2.067394 0.157659 -0.021051 0.372977
24 -1.395410 -0.025754 -2.477769 0.148766 -0.058635 0.399935
25 -1.532473 -0.094011 -1.765317 0.212125 -0.001220 0.632280
26 -1.617561 0.026423 -1.665870 0.232482 0.063749 0.558095
27 -1.697885 0.195410 -1.510597 0.199082 0.068717 0.503481
28 -1.719685 0.152809 -1.487560 0.200984 0.084467 0.496006
29 -1.670654 -0.139454 -1.951674 0.192268 0.010956 0.492816
30 -1.641271 -0.176353 -2.211759 0.149110 -0.050902 0.498957
31 -1.618880 -0.455244 -2.199639 0.162546 -0.007299 0.484500
32 -1.425987 -0.461430 -2.224464 0.146931 0.020535 0.549160
33 -1.636685 -0.376490 -2.136526 0.136292 -0.003617 0.422791
34 -1.769097 -0.519861 -1.832041 0.264174 0.025950 0.542669
35 -1.524056 -0.469680 -1.893647 0.203999 0.039727 0.603583
36 -1.518435 -0.193688 -1.801293 0.241455 -0.042157 0.674218
37 -1.578900 -0.290042 -1.923927 0.217123 -0.090723 0.654362
38 -1.489777 -0.314306 -1.949033 0.184684 -0.065671 0.669167
39 -1.623731 -0.559865 -1.969222 0.177937 -0.067611 0.621139
40 -1.783001 -0.173665 -1.446006 0.252747 0.042621 0.563006
41 -1.567247 -0.082834 -1.607759 0.178025 -0.014874 0.602258
42 -1.997104 0.128531 -1.645247 0.148548 -0.036955 0.377933
43 -1.876919 -0.008162 -1.976148 0.187424 -0.058184 0.318674
44 -1.287150 -0.115669 -2.012671 0.152563 -0.042589 0.498759
45 -1.350723 -0.569371 -1.741562 0.214148 0.031188 0.426436
46 -1.606611 0.176504 -1.438363 0.204136 0.039314 0.450067
47 -1.429543 -0.244410 -2.401590 0.123539 -0.083040 0.387659
48 -1.213562 -0.871567 -2.619315 0.121979 -0.067168 0.398845
49 -1.529847 0.645986 -1.650927 0.109032 0.009575 0.418417
50 -1.773278 -0.573481 -1.480735 0.195701 -0.011067 0.518867
51 -1.858676 0.199685 -1.467548 0.174773 0.044870 0.491895
52 -1.765849 -0.284838 -1.667660 0.065799 -0.082580 0.456748
53 -1.699020 -0.201220 -1.898103 0.267434 -0.016770 0.471016
54 -1.810299 -0.102711 -1.961200 0.286858 0.014928 0.427036
55 -1.528864 -0.159952 -2.276209 0.204918 -0.066489 0.469779
56 -1.241765 -0.170380 -2.261384 0.176830 -0.015227 0.555300
57 -1.593925 -0.300678 -1.592980 0.217389 0.086575 0.524397
58 -1.489331 -0.251832 -1.822414 0.196870 -0.044132 0.582390
59 -1.511854 0.038811 -1.833747 0.130809 -0.074620 0.486287
60 -1.633024 -0.476596 -1.614383 0.144469 -0.025266 0.425167
61 -1.546857 -0.097722 -2.119409 0.153389 -0.138526 0.258678
62 -1.384392 -0.065570 -1.662944 0.182581 0.016068 0.425581
63 -1.343865 -0.177282 -1.870977 0.238667 -0.044885 0.661129
64 -1.361770 0.165452 -1.855399 0.212031 -0.074448 0.635578
65 -1.494611 -0.521601 -1.683927 0.206370 -0.017977 0.610611
66 -1.733538 -0.091801 -1.730846 0.186505 -0.044916 0.486464
67 -1.238875 -0.083309 -1.904496 0.235437 -0.032859 0.633671
