# Trajectory for replay - Robot arm end-effector poses
# Format: frame_id roll(rad) pitch(rad) yaw(rad) x(m) y(m) z(m)
# Collection time: replay_calibration_eyeinhand_20251023_144354
# Collection mode: manual
#----------------------------------------------------------------------
1 0.672542 -1.391778 2.344936 0.169716 -0.039885 0.564518
2 0.280961 -1.415550 2.653553 0.141889 -0.088965 0.538611
3 0.482352 -1.395447 2.445271 0.138761 -0.184425 0.527202
4 -1.052309 -1.305480 -2.191622 0.136331 -0.138011 0.483626
5 -0.191505 -1.304484 -3.029221 0.104208 -0.126441 0.462789
6 1.445166 -1.150347 1.421847 0.117656 -0.100607 0.483849
7 -1.479466 -1.556183 -1.846966 0.101617 -0.012247 0.528288
8 1.745809 -1.194959 1.274581 0.125257 0.041631 0.514548
9 1.983583 -1.227184 1.132203 0.181309 0.080291 0.557120
10 0.693692 -1.391232 2.211817 0.050240 -0.026103 0.531833
11 0.549043 -1.408784 2.436668 0.073973 -0.035402 0.508089
12 -1.613168 -1.225734 -1.675679 0.104915 -0.055432 0.563896
13 -1.641405 -0.966997 -1.571649 0.109533 -0.012410 0.560070
14 1.716995 -1.170545 1.371128 0.122685 -0.017833 0.560943
15 1.959694 -1.198511 1.151113 0.161820 -0.011515 0.582689
16 -1.939910 -1.338816 -1.162469 0.125497 0.024952 0.595361
17 2.150872 -1.396593 0.896226 0.155384 -0.029332 0.668719
18 1.635983 -1.023673 1.302155 0.118324 -0.099828 0.671948
19 -1.801134 -1.341655 -1.428779 0.107341 -0.117212 0.649983
20 2.994261 -1.445884 0.041335 0.237020 -0.077216 0.635921
21 1.913597 -1.459830 1.007088 0.179152 -0.152022 0.642199
22 1.673632 -0.902225 1.327236 0.190296 -0.119469 0.634727
23 -1.779286 -1.197978 -1.326498 0.199599 -0.036258 0.631434
24 2.669602 -1.528210 0.398601 0.283770 -0.069855 0.614872
25 0.425547 -1.461690 2.668219 0.277293 -0.061119 0.530643
26 0.215821 -1.274460 2.926090 0.229404 -0.048663 0.465911
27 0.130114 -1.259582 3.037739 0.208985 -0.038407 0.428607
28 1.949011 -1.458254 0.979111 0.164927 -0.167034 0.585761
29 2.211832 -1.293652 0.947267 0.225873 -0.042204 0.572286
30 1.788465 -0.675391 1.362975 0.271262 -0.060523 0.597367
31 -2.522419 -1.366155 -0.724209 0.279785 -0.105073 0.613945
32 2.147380 -1.243094 0.957986 0.321952 -0.061170 0.622658
33 2.358365 -1.281087 0.712378 0.341933 -0.078044 0.653280
34 1.815902 -0.794667 1.261190 0.324224 -0.091838 0.664745
35 -1.917288 -1.101993 -1.166010 0.313539 -0.026585 0.668976
36 2.203140 -1.200789 0.889382 0.204432 -0.154405 0.670879
37 -2.291257 -1.315256 -0.758604 0.248356 -0.056702 0.628370
38 2.187184 -1.378677 0.930562 0.194047 -0.138693 0.723397
39 2.067643 -1.257316 1.043872 0.078789 -0.145017 0.647332
40 2.853945 -1.204512 0.216708 0.091848 -0.131399 0.757631
41 2.705369 -1.036178 0.574645 0.175104 -0.039892 0.750722
42 2.935579 -1.192535 0.232580 0.065847 -0.122860 0.736654
43 2.445212 -1.221382 0.662915 0.271777 -0.079881 0.706760
44 2.321910 -1.202875 0.914110 0.270578 -0.023435 0.713812
45 2.151847 -1.283782 1.035077 0.065204 -0.094510 0.619458
46 2.619943 -1.331844 0.511079 0.223555 -0.095585 0.711708
47 2.916414 -1.337630 0.193379 0.351217 -0.081012 0.704006
48 -3.003225 -1.339892 0.037552 0.169950 -0.064245 0.648089
49 -1.806022 -1.197343 -1.345518 0.041000 -0.193064 0.552760
50 1.308002 -1.219944 1.651977 0.148321 -0.063268 0.575501
51 2.748324 -1.350886 0.381256 0.119216 -0.068749 0.736796
52 -2.729691 -1.338887 -0.659061 0.081259 -0.177262 0.716141
53 2.770760 -1.181236 0.503888 0.073679 -0.023732 0.742050
54 2.443485 -1.427422 0.655384 -0.052077 -0.073420 0.772321
55 1.954050 -1.061533 1.022933 -0.044317 -0.143872 0.757786
56 2.836000 -1.230938 0.309497 0.171526 -0.056901 0.733729
