# Trajectory for replay - Robot arm end-effector poses
# Format: frame_id roll(rad) pitch(rad) yaw(rad) x(m) y(m) z(m)
# Collection time: 20251224_212154
# Collection mode: replay
#----------------------------------------------------------------------
1 3.141593 1.047861 3.141593 0.300060 0.000000 0.300373
2 -2.488927 1.074774 -2.461665 0.284368 -0.002996 0.330285
3 -2.705557 0.989130 -2.693427 0.272159 -0.004771 0.326241
4 -2.692711 0.906751 -2.668696 0.269070 -0.005750 0.320721
5 -2.703201 0.985500 -2.807764 0.271122 -0.013992 0.326298
6 3.096249 0.832557 -3.127211 0.260181 0.005089 0.310336
7 2.735297 0.853379 2.742994 0.265021 0.008698 0.316727
8 -2.847156 0.949267 -2.547081 0.262362 0.057687 0.320724
9 -3.044640 0.901375 -2.633388 0.254395 0.070716 0.316226
10 -2.512663 0.866451 -2.011649 0.258071 0.080948 0.324817
11 -2.421871 0.825157 -2.007390 0.264129 0.062169 0.325973
12 -2.416548 0.817024 -2.079036 0.268056 0.042647 0.325908
13 -2.776784 0.961066 -2.565826 0.268856 0.023640 0.323999
14 -2.461769 0.787021 -2.217982 0.268650 0.018423 0.322389
15 -2.898974 0.805400 -3.008930 0.220826 -0.002637 0.336478
16 -3.010553 1.115789 -3.017587 0.248665 0.023198 0.349199
17 3.061831 0.989445 3.114959 0.326400 0.040122 0.267135
18 -2.764514 0.816343 -2.706726 0.322123 0.030855 0.263025
19 -3.122673 0.897378 2.923706 0.302507 0.009034 0.287114
20 -2.747393 0.874270 -2.826718 0.307117 0.008225 0.289041
21 -2.349684 0.958605 -2.288860 0.318335 0.018060 0.306165
22 -2.492138 0.852454 -2.371920 0.324805 0.024276 0.260735
23 -2.467704 0.931936 -2.171434 0.325038 0.055418 0.264700
24 -2.239380 0.795783 -1.836156 0.325428 0.060018 0.267798
25 2.995701 0.948552 2.743431 0.367135 0.030857 0.224019
26 -2.658032 0.933926 -2.681646 0.408487 0.043780 0.213495
27 3.066648 0.996251 3.027588 0.408017 0.051399 0.211784
28 -3.095027 0.884289 -3.134053 0.381085 0.046126 0.192789
29 -2.766661 0.918357 -2.772909 0.389651 0.044089 0.209974
30 -2.488054 0.778556 -2.409724 0.389592 0.043581 0.209759
31 3.129724 0.944415 3.136444 0.388576 0.051371 0.208119
32 -2.874365 0.986739 -3.097907 0.381859 0.028182 0.228698
33 -3.006382 0.877115 -2.729817 0.363557 0.064217 0.192630
34 2.760116 0.837426 3.009157 0.361814 0.072913 0.193696
35 -2.961719 1.030774 -2.747323 0.345324 0.001018 0.259449
36 -2.910092 1.023548 -2.801114 0.343289 -0.038940 0.259221
37 2.822721 1.009900 2.833333 0.343184 -0.039805 0.259634
38 -2.483080 0.877063 -2.282053 0.343185 -0.039111 0.259563
39 -2.079507 1.110448 -1.903456 0.167980 -0.001864 0.294439
40 -2.354362 1.137832 -2.171067 0.166005 -0.001851 0.286775
41 -2.093889 0.943141 -1.889563 0.166053 -0.003222 0.286958
42 -2.022924 0.823464 -1.766308 0.165678 -0.000773 0.286590
43 -3.053611 1.170627 -2.721963 0.155088 0.014017 0.256644
44 -2.924823 1.084705 -2.611292 0.146858 0.011244 0.229384
45 -2.486780 1.272450 -2.463846 0.031090 0.007413 0.321625
46 -2.619268 1.136401 -2.627680 0.027151 0.002978 0.309689
47 -2.675939 1.068159 -2.898259 0.021675 -0.015173 0.303481
48 3.068778 1.060968 -3.013643 0.020627 0.024004 0.298314
49 -2.899603 1.263165 3.067661 0.013497 -0.019138 0.332401
50 -1.906196 1.299258 -1.992328 0.021547 -0.000017 0.351220
51 -2.226621 1.069032 -2.179305 0.062544 0.001801 0.341048
52 -2.789490 1.144046 -2.758004 0.024039 0.007745 0.368678
53 -2.966047 1.261699 3.081187 0.024496 -0.013284 0.376706
54 2.482417 1.052870 2.729416 0.031091 0.032245 0.318284
55 -2.413825 1.061282 -2.525317 0.034796 -0.008888 0.320612
56 -2.675537 1.117761 -2.714127 0.066233 -0.015812 0.305634
57 -3.050469 1.255258 -3.018879 0.036288 -0.023566 0.312480
58 -2.469065 1.293184 -2.659812 0.036390 -0.044542 0.321085
59 2.846161 1.125615 2.866633 0.032317 -0.021888 0.302897
60 2.834711 1.146332 3.062320 0.054310 0.025649 0.310059
61 -2.035298 0.739723 -1.791825 0.058462 0.013497 0.315965
62 2.833909 1.092349 -3.082094 0.048361 0.036625 0.305930
63 2.611344 1.109419 2.530727 0.057214 0.001891 0.311135
64 2.785982 1.228520 2.575949 0.058202 -0.011836 0.317499
65 2.309961 1.006514 2.330207 0.058088 0.013187 0.313169
66 -2.639828 1.244804 -2.805093 0.059476 -0.011923 0.320285
