# Trajectory for replay - Robot arm end-effector poses
# Format: frame_id roll(rad) pitch(rad) yaw(rad) x(m) y(m) z(m)
# Collection time: replay_calibration_eyetohand_20251024_211103
# Collection mode: manual
#----------------------------------------------------------------------
1 -1.484271 -0.000802 -1.504425 0.095958 -0.017868 0.408283
2 -1.453341 -0.159660 -1.596766 0.091730 -0.039958 0.511370
3 -1.441000 -0.202801 -1.767997 0.068043 -0.122418 0.505554
4 -1.483625 -0.527759 -1.829183 0.071679 -0.115522 0.501148
5 -1.421218 0.194144 -1.731324 0.060972 -0.163884 0.478943
6 -1.339085 0.042463 -1.682429 0.054872 -0.115071 0.513021
7 -1.851749 -0.097824 -1.686250 0.129160 -0.139024 0.409915
8 -1.522631 -0.054113 -1.570865 0.161023 0.106599 0.398630
9 -1.534291 -0.418588 -1.535964 0.161936 0.033258 0.393316
10 -1.539073 -0.299984 -1.532533 0.161422 0.040285 0.398422
11 -1.551563 0.339407 -1.524196 0.158970 0.064178 0.440644
12 -1.359161 0.092259 -1.551022 0.128322 0.089619 0.410508
13 -1.730414 0.141660 -1.606510 0.173790 0.083137 0.359514
14 -1.708909 0.144511 -1.602621 0.173242 0.083291 0.366543
15 -1.572611 -0.345594 -1.399133 0.137766 0.200226 0.352823
16 -1.653499 0.380159 -1.594047 0.171272 0.107828 0.416013
17 -1.455518 0.230189 -1.469828 0.126001 0.122905 0.388811
18 -1.862859 0.271989 -1.581535 0.169787 0.123292 0.344206
19 -1.986852 0.298250 -1.770891 0.201390 0.095101 0.333981
20 -1.589599 0.073978 -2.174869 0.191564 0.016337 0.332605
21 -1.548224 -0.024887 -2.424516 0.180406 -0.047820 0.320488
22 -1.613470 -0.187282 -2.476670 0.186386 -0.060529 0.294809
23 -1.601698 0.310486 -2.067362 0.157659 -0.021051 0.372977
24 -1.395529 -0.025759 -2.477834 0.148766 -0.058635 0.399935
25 -1.532105 -0.094082 -1.765158 0.212125 -0.001220 0.632280
26 -1.617865 0.026454 -1.666066 0.232482 0.063749 0.558095
27 -1.698570 0.195453 -1.511066 0.199082 0.068717 0.503481
28 -1.719564 0.152802 -1.487475 0.200984 0.084467 0.496006
29 -1.670580 -0.139461 -1.951595 0.192268 0.010956 0.492816
30 -1.641240 -0.176352 -2.211739 0.149110 -0.050902 0.498957
31 -1.618845 -0.455250 -2.199599 0.162546 -0.007299 0.484500
32 -1.425991 -0.461428 -2.224468 0.146931 0.020535 0.549160
33 -1.636695 -0.376488 -2.136534 0.136292 -0.003617 0.422791
34 -1.768974 -0.519874 -1.831991 0.264174 0.025950 0.542669
35 -1.524092 -0.469673 -1.893659 0.203999 0.039727 0.603583
36 -1.518294 -0.193713 -1.801253 0.241455 -0.042157 0.674218
37 -1.578956 -0.290032 -1.923941 0.217123 -0.090723 0.654362
38 -1.489801 -0.314302 -1.949037 0.184684 -0.065671 0.669167
39 -1.623766 -0.559852 -1.969211 0.177937 -0.067611 0.621139
40 -1.783460 -0.173612 -1.446179 0.252747 0.042621 0.563006
41 -1.567273 -0.082828 -1.607767 0.178025 -0.014874 0.602258
42 -1.997163 0.128533 -1.645284 0.148548 -0.036955 0.377933
43 -1.878213 -0.008492 -1.976423 0.187424 -0.058184 0.318674
44 -1.287507 -0.115719 -2.012717 0.152563 -0.042589 0.498759
45 -1.350878 -0.569391 -1.741614 0.214148 0.031188 0.426436
46 -1.606491 0.176514 -1.438325 0.204136 0.039314 0.450067
47 -1.429840 -0.244434 -2.401648 0.123539 -0.083040 0.387659
48 -1.213526 -0.871552 -2.619332 0.121979 -0.067168 0.398845
49 -1.529775 0.645945 -1.650832 0.109032 0.009575 0.418417
50 -1.773223 -0.573480 -1.480774 0.195701 -0.011067 0.518867
51 -1.858521 0.199640 -1.467415 0.174773 0.044870 0.491895
52 -1.765870 -0.284829 -1.667663 0.065799 -0.082580 0.456748
53 -1.700042 -0.201148 -1.897959 0.267434 -0.016770 0.471016
54 -1.810263 -0.102712 -1.961188 0.286858 0.014928 0.427036
55 -1.529684 -0.159893 -2.276225 0.204918 -0.066489 0.469779
56 -1.241800 -0.170380 -2.261382 0.176830 -0.015227 0.555300
57 -1.592013 -0.300623 -1.593422 0.217389 0.086575 0.524397
58 -1.489225 -0.251822 -1.822465 0.196870 -0.044132 0.582390
59 -1.509702 0.038996 -1.834466 0.130809 -0.074619 0.486287
60 -1.631958 -0.476500 -1.615210 0.144469 -0.025266 0.425167
62 -1.384406 -0.065588 -1.662923 0.182581 0.016068 0.425581
63 -1.343854 -0.177275 -1.870983 0.238667 -0.044885 0.661129
64 -1.361818 0.165391 -1.855365 0.212031 -0.074448 0.635578
65 -1.494424 -0.521494 -1.684092 0.206370 -0.017977 0.610611
66 -1.733568 -0.091822 -1.730827 0.186505 -0.044916 0.486464
67 -1.239038 -0.083387 -1.904465 0.235437 -0.032859 0.633671
