# Trajectory for replay - Robot arm end-effector poses
# Format: frame_id roll(rad) pitch(rad) yaw(rad) x(m) y(m) z(m)
# Collection time: 20251104_175132
# Collection mode: manual
#----------------------------------------------------------------------
1 -2.608862 -0.626388 -0.123552 0.264332 0.047367 0.701675
2 -2.832051 -0.742812 -0.092371 0.294560 -0.069832 0.687799
3 -2.807146 -1.067498 -0.200978 0.294735 -0.064312 0.736285
4 -2.118240 -1.131598 -0.875164 0.274427 -0.015003 0.786427
5 -1.716076 -1.283458 -1.181172 0.188924 0.031331 0.845400
6 -2.205274 -1.173639 -0.719357 0.258178 0.030187 0.789819
7 -1.842330 -0.908039 -1.204402 0.514089 0.034409 0.662832
8 2.552733 -1.301929 0.871210 0.524749 0.106644 0.637507
9 3.095916 -1.124359 0.196549 0.454108 0.001777 0.693884
10 -2.494051 -1.230385 -0.298305 0.397723 0.138150 0.739837
11 -1.381991 -1.295910 -1.518528 0.468577 0.111373 0.685523
12 1.440200 -1.173162 1.977762 0.461841 0.139091 0.686875
13 -1.482342 -1.036638 -1.366868 0.464539 0.133790 0.683857
14 -2.049201 -0.921059 -0.868013 0.546130 0.146618 0.517318
15 2.488127 -1.199917 1.054433 0.537054 0.175511 0.513661
16 -2.257325 -1.019634 -0.561524 0.534824 0.187629 0.490420
17 -2.081728 -1.195193 -0.679934 0.450281 0.203883 0.594237
18 -2.030977 -0.997368 -0.578741 0.405343 0.288443 0.564843
19 -2.438967 -1.249771 -0.125030 0.402694 0.292733 0.565124
20 -2.150015 -1.203382 -0.520777 0.237019 0.288060 0.681246
21 -2.856522 -1.118263 -0.074993 0.418501 0.123498 0.596539
22 -2.806053 -1.504202 -0.099201 0.383780 0.126201 0.689733
23 -2.199970 -1.373397 -0.513793 0.382577 0.225745 0.671954
24 -1.746574 -0.821055 -0.988893 0.381805 0.227623 0.670177
25 2.231093 -1.333244 1.399009 0.375047 0.254183 0.657730
26 0.576627 -1.307282 3.074624 0.352841 0.241733 0.674685
27 -2.985121 -1.198056 0.315908 0.394910 0.262548 0.591464
28 0.868294 -1.474566 2.897293 0.465813 0.277601 0.687462
29 1.715841 -1.377894 2.009249 0.413262 0.271040 0.731877
30 -2.273049 -1.292834 -0.362972 0.356330 0.265326 0.746162
31 -2.991700 -1.147687 0.086715 0.249644 0.179705 0.801716
32 -1.579149 -1.241035 -1.047565 0.454988 0.236193 0.701836
33 -2.558353 -1.056157 -0.304928 0.230450 0.221966 0.802976
34 -2.619287 -0.934497 -0.413403 0.375029 0.134164 0.714199
35 -2.528442 -0.224976 -0.741787 0.401594 0.276123 0.551445
36 -1.936645 -0.264039 -0.924641 0.407126 0.273308 0.614254
37 -2.247310 -0.222438 -0.850949 0.413769 0.273560 0.537865
38 -2.564523 -0.423993 -0.840482 0.246196 0.252224 0.609824
39 -2.141225 -0.176379 -0.877477 0.433845 0.273776 0.474662
40 -2.331009 -0.294371 -1.231186 0.300461 0.071566 0.404261
41 -1.871567 -0.357846 -1.356261 0.289698 0.072984 0.453556
42 -1.547797 -0.622393 -1.239949 0.253130 0.180417 0.542339
43 -1.699567 -0.680919 -0.996799 0.384173 0.236828 0.537202
44 -1.468159 -0.582751 -1.132679 0.313720 0.240508 0.610445
45 -1.585600 -0.635602 -0.920437 0.408550 0.296237 0.570598
46 -2.229904 -0.283679 -0.749702 0.193743 0.409772 0.634102
47 -2.038489 -0.079930 -1.070502 0.311508 0.172573 0.329110
48 -2.158886 -0.029043 -1.024833 0.303440 0.181935 0.286554
49 -1.518125 0.006912 -1.022159 0.319419 0.180797 0.381807
50 -1.532731 -0.011635 -0.611698 0.222312 0.293959 0.376814
51 -1.506189 0.019739 -1.463835 0.366135 0.021641 0.385879
52 -1.692204 -0.041152 -0.720159 0.314655 0.339646 0.460005
53 -1.490551 -0.072918 -0.920905 0.372531 0.279462 0.550035
54 -1.724344 -0.263253 -0.859689 0.376902 0.312442 0.555986
55 -1.659519 -0.692503 -1.533345 0.498712 -0.012487 0.598052
56 -1.686122 -0.691371 -1.516483 0.504915 -0.012567 0.587822
57 -2.111833 -0.666760 -0.786034 0.442644 0.254523 0.564759
58 -2.423054 -0.633798 -0.663795 0.426428 0.253415 0.548109
59 -1.767102 -0.609516 -0.746463 0.422440 0.326634 0.562947
60 -1.657178 -0.536833 -0.883864 0.454014 0.292689 0.577503
61 -1.480731 -0.828043 -0.992264 0.393313 0.293286 0.649673
62 -1.633162 -0.795922 -1.217566 0.503524 0.145975 0.597072
63 -1.649145 -0.847308 -0.943291 0.458446 0.262713 0.591789
64 -2.584980 -1.025228 -0.345008 0.278330 0.316154 0.671133
65 -1.983129 -0.479335 -0.746621 0.363466 0.347178 0.610881
66 -1.814685 -0.115045 -1.150351 0.352314 0.150126 0.295297
67 -1.624160 -0.092679 -0.898078 0.315628 0.248607 0.344971
68 -1.317105 -0.140652 -1.025198 0.331592 0.228926 0.421462
69 -1.371360 -0.189815 -1.540193 0.390872 0.037110 0.393944
70 -1.156740 -0.201341 -1.338209 0.356924 0.116087 0.430844
71 -1.748523 -0.187443 -1.187273 0.372432 0.129124 0.323365
72 -1.660769 -0.183659 -0.817088 0.313499 0.266468 0.363451
73 -1.312428 -0.582673 -1.080466 0.332312 0.241428 0.468528
74 -1.134349 -0.522483 -1.286916 0.367324 0.208897 0.528719
75 1.666637 -1.432751 1.683258 0.448897 0.095863 0.573446
