# Trajectory for replay - Robot arm end-effector poses
# Format: frame_id roll(rad) pitch(rad) yaw(rad) x(m) y(m) z(m)
# Collection time: 20251023_140954
# Collection mode: manual
#----------------------------------------------------------------------
1 0.672537 -1.391777 2.344941 0.169716 -0.039885 0.564517
2 0.280957 -1.415550 2.653556 0.141889 -0.088965 0.538611
3 0.482353 -1.395447 2.445270 0.138761 -0.184426 0.527202
4 -1.052309 -1.305480 -2.191622 0.136331 -0.138011 0.483626
5 -0.191505 -1.304484 -3.029221 0.104208 -0.126441 0.462789
6 1.445172 -1.150343 1.421840 0.117656 -0.100607 0.483849
7 -1.479460 -1.556183 -1.846969 0.101617 -0.012247 0.528288
8 1.745809 -1.194959 1.274581 0.125257 0.041631 0.514548
9 1.983585 -1.227184 1.132202 0.181309 0.080291 0.557120
10 0.693685 -1.391232 2.211823 0.050240 -0.026103 0.531833
11 0.549040 -1.408784 2.436672 0.073973 -0.035402 0.508089
12 -1.613172 -1.225729 -1.675675 0.104915 -0.055432 0.563897
13 -1.641404 -0.966992 -1.571648 0.109533 -0.012409 0.560070
14 1.716994 -1.170540 1.371129 0.122685 -0.017833 0.560943
15 1.959697 -1.198511 1.151110 0.161821 -0.011515 0.582689
16 -1.939898 -1.338811 -1.162481 0.125497 0.024952 0.595361
17 2.150872 -1.396593 0.896226 0.155384 -0.029332 0.668719
18 1.635983 -1.023673 1.302155 0.118324 -0.099828 0.671948
19 -1.801127 -1.341650 -1.428785 0.107341 -0.117212 0.649983
20 2.994253 -1.445884 0.041343 0.237021 -0.077216 0.635921
21 1.913591 -1.459830 1.007093 0.179152 -0.152022 0.642199
22 1.673632 -0.902220 1.327237 0.190296 -0.119469 0.634727
23 -1.779281 -1.197973 -1.326502 0.199599 -0.036258 0.631434
24 2.669600 -1.528210 0.398603 0.283770 -0.069855 0.614872
25 0.425545 -1.461689 2.668221 0.277293 -0.061119 0.530642
26 0.215822 -1.274459 2.926090 0.229404 -0.048663 0.465911
27 0.130114 -1.259582 3.037740 0.208985 -0.038407 0.428607
28 1.949021 -1.458253 0.979100 0.164927 -0.167034 0.585761
29 2.211833 -1.293651 0.947267 0.225873 -0.042203 0.572286
30 1.788464 -0.675386 1.362976 0.271262 -0.060523 0.597367
31 -2.522398 -1.366152 -0.724230 0.279785 -0.105073 0.613945
32 2.147380 -1.243094 0.957986 0.321952 -0.061170 0.622658
33 2.358369 -1.281087 0.712374 0.341933 -0.078044 0.653280
34 1.815900 -0.794662 1.261192 0.324224 -0.091838 0.664745
35 -1.917283 -1.101988 -1.166015 0.313539 -0.026585 0.668976
36 2.203140 -1.200789 0.889382 0.204432 -0.154405 0.670879
37 -2.291257 -1.315256 -0.758604 0.248356 -0.056702 0.628370
38 2.187178 -1.378676 0.930567 0.194047 -0.138693 0.723397
39 2.067643 -1.257316 1.043872 0.078788 -0.145017 0.647332
40 2.853948 -1.204511 0.216705 0.091848 -0.131399 0.757632
41 2.705369 -1.036177 0.574646 0.175104 -0.039892 0.750722
42 2.935580 -1.192536 0.232578 0.065847 -0.122860 0.736654
43 2.445210 -1.221382 0.662916 0.271778 -0.079881 0.706760
44 2.321909 -1.202875 0.914113 0.270578 -0.023434 0.713812
45 2.151846 -1.283782 1.035077 0.065203 -0.094510 0.619458
46 2.619945 -1.331844 0.511077 0.223556 -0.095585 0.711708
47 2.916415 -1.337630 0.193378 0.351218 -0.081012 0.704006
48 -3.003224 -1.339892 0.037551 0.169949 -0.064245 0.648089
49 -1.806020 -1.197342 -1.345520 0.041000 -0.193064 0.552760
50 1.308002 -1.219944 1.651977 0.148321 -0.063268 0.575501
51 2.748330 -1.350886 0.381250 0.119216 -0.068749 0.736797
52 -2.729688 -1.338887 -0.659065 0.081259 -0.177262 0.716141
53 2.770759 -1.181235 0.503891 0.073679 -0.023732 0.742050
54 2.443481 -1.427423 0.655387 -0.052078 -0.073420 0.772321
55 1.954046 -1.061528 1.022934 -0.044317 -0.143873 0.757786
56 2.836003 -1.230938 0.309495 0.171527 -0.056901 0.733729
