# Trajectory for replay - Robot arm end-effector poses
# Format: frame_id roll(rad) pitch(rad) yaw(rad) x(m) y(m) z(m)
# Collection time: replay_calibration_eyetohand_20251024_172544
# Collection mode: manual
#----------------------------------------------------------------------
1 -1.484290 -0.000799 -1.504433 0.095958 -0.017868 0.408283
2 -1.453367 -0.159655 -1.596769 0.091730 -0.039958 0.511370
3 -1.440995 -0.202800 -1.767999 0.068043 -0.122417 0.505554
4 -1.483620 -0.527760 -1.829185 0.071679 -0.115522 0.501148
5 -1.421223 0.194144 -1.731323 0.060972 -0.163884 0.478943
6 -1.339082 0.042463 -1.682430 0.054872 -0.115071 0.513021
7 -1.851760 -0.097822 -1.686240 0.129160 -0.139024 0.409915
8 -1.522313 -0.054087 -1.570523 0.161023 0.106599 0.398630
9 -1.534201 -0.418585 -1.536001 0.161936 0.033258 0.393316
10 -1.539124 -0.299986 -1.532538 0.161422 0.040285 0.398422
11 -1.551909 0.339395 -1.524436 0.158970 0.064178 0.440644
12 -1.359403 0.092282 -1.551226 0.128322 0.089619 0.410508
13 -1.730204 0.141708 -1.606322 0.173790 0.083137 0.359514
14 -1.708904 0.144512 -1.602615 0.173242 0.083291 0.366543
15 -1.572708 -0.345616 -1.399190 0.137766 0.200226 0.352823
16 -1.658766 0.379609 -1.598970 0.171272 0.107828 0.416013
17 -1.459302 0.230613 -1.474551 0.126001 0.122905 0.388811
18 -1.861402 0.272407 -1.579880 0.169787 0.123292 0.344206
19 -1.986511 0.298482 -1.770328 0.201390 0.095101 0.333981
26 -1.617498 0.026420 -1.665814 0.232482 0.063749 0.558095
27 -1.698441 0.195391 -1.511141 0.199082 0.068717 0.503481
28 -1.719608 0.152813 -1.487482 0.200984 0.084467 0.496006
29 -1.670576 -0.139458 -1.951550 0.192268 0.010956 0.492816
30 -1.641241 -0.176353 -2.211723 0.149110 -0.050902 0.498957
31 -1.618864 -0.455246 -2.199599 0.162546 -0.007299 0.484500
32 -1.425987 -0.461428 -2.224467 0.146931 0.020535 0.549159
33 -1.636691 -0.376490 -2.136530 0.136292 -0.003617 0.422791
34 -1.769060 -0.519862 -1.832015 0.264174 0.025950 0.542669
35 -1.524069 -0.469677 -1.893657 0.203999 0.039727 0.603583
36 -1.518464 -0.193680 -1.801322 0.241455 -0.042157 0.674218
37 -1.578918 -0.290038 -1.923938 0.217123 -0.090723 0.654362
38 -1.489781 -0.314307 -1.949028 0.184684 -0.065671 0.669167
39 -1.623737 -0.559859 -1.969199 0.177937 -0.067611 0.621139
40 -1.783425 -0.173662 -1.446308 0.252747 0.042621 0.563006
41 -1.567260 -0.082832 -1.607766 0.178025 -0.014874 0.602258
42 -1.997127 0.128527 -1.645267 0.148548 -0.036955 0.377933
43 -1.877210 -0.008254 -1.976291 0.187424 -0.058184 0.318674
44 -1.287312 -0.115654 -2.012761 0.152563 -0.042589 0.498759
45 -1.350806 -0.569372 -1.741647 0.214148 0.031188 0.426436
46 -1.606603 0.176499 -1.438383 0.204136 0.039314 0.450067
47 -1.429570 -0.244415 -2.401563 0.123539 -0.083040 0.387659
48 -1.213568 -0.871558 -2.619323 0.121979 -0.067168 0.398845
49 -1.529930 0.645993 -1.651008 0.109032 0.009575 0.418417
50 -1.773205 -0.573477 -1.480762 0.195701 -0.011067 0.518867
51 -1.858564 0.199673 -1.467432 0.174773 0.044870 0.491895
52 -1.765851 -0.284837 -1.667662 0.065799 -0.082580 0.456749
53 -1.698835 -0.201188 -1.897955 0.267434 -0.016770 0.471016
54 -1.808848 -0.102318 -1.959977 0.286858 0.014928 0.427036
55 -1.529218 -0.159971 -2.276472 0.204918 -0.066489 0.469779
56 -1.241801 -0.170376 -2.261405 0.176830 -0.015227 0.555300
57 -1.594071 -0.300666 -1.593127 0.217389 0.086575 0.524397
58 -1.489382 -0.251827 -1.822436 0.196870 -0.044132 0.582390
59 -1.511876 0.038813 -1.833756 0.130809 -0.074620 0.486287
60 -1.633057 -0.476587 -1.614399 0.144469 -0.025266 0.425167
62 -1.384421 -0.065573 -1.662957 0.182581 0.016068 0.425581
63 -1.341534 -0.177194 -1.870793 0.238667 -0.044885 0.661129
64 -1.362119 0.165432 -1.855486 0.212031 -0.074448 0.635578
65 -1.494295 -0.521610 -1.683975 0.206370 -0.017977 0.610611
66 -1.733457 -0.091814 -1.730802 0.186505 -0.044916 0.486464
67 -1.239590 -0.083365 -1.904691 0.235437 -0.032859 0.633671
