# Trajectory for replay - Robot arm end-effector poses
# Format: frame_id roll(rad) pitch(rad) yaw(rad) x(m) y(m) z(m)
# Collection time: 20251115_131301
# Collection mode: manual
#----------------------------------------------------------------------
1 -2.163652 -0.613514 -1.146959 0.270513 0.096107 0.345483
2 -2.322730 -0.637552 -0.700089 0.327660 0.193963 0.333876
3 -2.388658 -0.813044 -0.687921 0.281854 0.147447 0.339548
4 -2.181636 -0.502193 -1.030118 0.282116 0.145363 0.339082
5 -2.020266 -0.318196 -1.142151 0.292372 0.174600 0.379896
6 -1.983745 -0.297618 -1.052262 0.301645 0.219667 0.399616
7 -2.201778 -0.318295 -1.016362 0.355506 0.170540 0.327124
8 -2.221466 -0.528191 -1.102483 0.261548 0.093085 0.325663
12 -1.988567 -0.206710 -1.120856 0.161902 0.260449 0.348470
13 -2.054184 -0.303235 -1.138131 0.171090 0.230017 0.323881
14 -2.027670 0.032799 -1.314604 0.172644 0.227638 0.325591
15 -2.066268 0.398912 -1.514851 0.175289 0.222958 0.327719
16 -1.943301 0.082295 -1.337735 0.169286 0.221728 0.339363
17 -1.799638 0.084937 -1.273835 0.172135 0.218086 0.380575
18 -1.788784 -0.071580 -1.290068 0.192687 0.198726 0.410690
19 -1.919900 -0.166638 -1.334686 0.207450 0.168537 0.391840
20 -1.742260 -0.269912 -1.216875 0.179150 0.207044 0.397128
21 -1.792742 -0.657797 -1.110126 0.176933 0.211824 0.393316
22 -1.969350 -0.827363 -0.957440 0.169293 0.215540 0.353198
23 -1.806779 -0.813529 -1.008157 0.171370 0.263791 0.425225
24 -1.779231 -0.539347 -1.070868 0.172321 0.264836 0.419782
25 -1.777852 -0.303266 -1.122429 0.173259 0.265791 0.417049
26 -1.770527 0.011296 -1.182814 0.171868 0.267331 0.415730
27 -1.572745 0.016677 -1.075267 0.150454 0.237450 0.381125
28 -1.483107 0.040820 -1.042913 0.146509 0.231336 0.394513
29 -1.686458 -0.654576 -1.082680 0.178835 0.258381 0.371512
30 -2.058364 -0.600762 -1.641125 0.098667 0.277134 0.350779
31 -1.787630 -0.775948 -1.348415 0.038559 0.359447 0.390273
32 -1.730954 -1.315557 -1.474655 0.046716 0.350511 0.376397
33 -1.800145 -1.558686 -1.424215 0.050555 0.356443 0.355415
34 -1.620377 -0.328137 -1.602062 0.047023 0.361379 0.354033
35 -1.493603 -0.314655 -1.501648 0.070544 0.346261 0.332977
36 -1.506521 -0.469824 -1.535133 0.083611 0.347221 0.278409
37 -1.413652 -0.662333 -1.638825 0.131148 0.307498 0.284605
38 -1.602622 -0.784990 -1.547930 0.158214 0.339430 0.292641
39 -1.630913 -0.454205 -1.285111 0.047601 0.298845 0.386191
40 -1.727643 -0.097813 -1.350222 0.058123 0.290456 0.381542
41 -1.743773 0.275868 -1.391370 0.055253 0.293668 0.381610
42 -1.710461 -0.050354 -1.366105 0.054085 0.297885 0.373256
43 -1.605170 -0.752419 -1.305856 0.051998 0.295434 0.397404
44 -1.791228 -0.649656 -1.226751 0.002492 0.225201 0.388089
45 -2.016607 -0.662422 -1.064357 0.021203 0.238141 0.361116
46 -2.313349 -0.605350 -0.883201 0.037803 0.247888 0.320175
47 -1.908253 -0.538300 -1.031449 0.034103 0.241323 0.371289
48 -1.859543 -0.716355 -1.072530 0.046310 0.205198 0.407148
49 -2.076341 -0.570929 -0.812834 0.122157 0.142769 0.386855
50 -2.230543 -1.026807 -0.530684 0.013765 0.243815 0.377551
51 -1.861076 -0.489637 -0.855004 0.016789 0.233301 0.407229
52 -1.990627 -0.585005 -0.875889 0.028747 0.231292 0.373278
53 -1.956612 -0.395015 -0.952567 0.029759 0.230260 0.374919
54 -1.654917 -0.535158 -0.905531 0.010182 0.225800 0.416598
55 -1.796330 -0.844355 -0.843119 0.016572 0.229296 0.402809
56 -1.702485 -0.610539 -0.880723 0.039262 0.208183 0.423119
57 -2.055927 -1.023549 -0.668469 0.072772 0.189397 0.401458
58 -2.295885 -0.587219 -0.783869 0.170542 0.139516 0.358603
59 -2.258217 0.021905 -1.154467 0.181907 0.129798 0.341696
60 -2.298645 0.270716 -1.365507 0.183198 0.125663 0.338092
61 -1.899736 -0.118305 -1.033750 0.151627 0.180656 0.414580
62 -1.771582 -0.170652 -0.969268 0.126831 0.209811 0.450041
63 -1.695611 -0.204923 -0.963535 0.135473 0.187745 0.385665
64 -1.621221 -0.250401 -0.889621 0.119506 0.217069 0.417695
65 -1.603979 0.108254 -0.887843 0.114724 0.223692 0.424110
66 -1.704769 -0.017614 -0.974769 0.132506 0.194089 0.380667
67 -1.735441 -0.060556 -1.057054 0.152513 0.161198 0.371524
