# Trajectory for replay - Robot arm end-effector poses
# Format: frame_id roll(rad) pitch(rad) yaw(rad) x(m) y(m) z(m)
# Collection time: 20251112_141158
# Collection mode: manual
#----------------------------------------------------------------------
1 -3.141587 -0.000011 0.000007 0.269999 -0.000003 0.478998
2 -2.794835 0.010844 0.000642 0.264378 0.041737 0.483275
3 -2.814374 0.021034 0.021783 0.262718 0.051486 0.477974
4 -2.888079 0.016027 0.117985 0.254401 0.097160 0.475917
5 -2.514268 -0.019159 -0.002559 0.263900 0.068600 0.514414
6 -2.245785 -0.005340 -0.059944 0.267653 0.057525 0.532582
7 -2.037884 0.036126 -0.172390 0.272013 0.052446 0.564687
8 -2.039923 -0.044090 -0.350849 0.290589 0.045425 0.553490
9 -2.097075 -0.109033 -0.266202 0.266012 0.089021 0.556754
10 -2.206845 -0.097052 -0.327275 0.301748 0.088135 0.523204
11 -2.203686 -0.157353 -0.458355 0.326334 0.081825 0.515550
12 -2.290136 -0.337734 -0.414807 0.343859 0.068339 0.494953
13 -2.416270 -0.573446 -0.474786 0.395364 0.041587 0.449349
14 -2.284334 -0.272368 -0.651291 0.380990 0.117457 0.444424
15 -2.187473 -0.302235 -0.647536 0.380411 0.152064 0.495934
16 -2.191821 -0.353347 -0.663024 0.373555 0.166972 0.486238
17 -2.338093 -0.290952 -0.693603 0.370779 0.111645 0.412872
18 -2.288444 -0.411158 -0.552812 0.374671 0.223935 0.428305
19 -2.237776 -0.440542 -0.544824 0.371682 0.239270 0.452588
20 -2.275182 -0.513808 -0.724060 0.327354 0.136723 0.438696
21 -2.229968 -0.496613 -0.894223 0.301258 0.063898 0.430039
22 -2.323826 -0.363930 -0.955161 0.316038 0.022089 0.381113
23 -2.424370 -0.331809 -0.945927 0.387853 0.031987 0.348267
24 -2.360784 -0.442394 -1.205641 0.384936 -0.048188 0.360559
25 -2.672529 -0.937778 -0.584671 0.368202 0.005996 0.385464
26 -2.663824 -0.853639 -0.710649 0.294766 -0.045760 0.345292
27 -2.456742 -0.965851 -0.860686 0.225104 -0.044141 0.353181
28 -2.293645 -0.505141 -0.647965 0.216971 0.140683 0.461547
29 -2.154341 -0.380273 -0.691363 0.159889 0.239376 0.499486
30 -2.101908 -0.521730 -0.620255 0.106014 0.271892 0.512801
31 -2.140555 -0.619776 -0.502402 0.012852 0.255918 0.525806
32 -2.254029 -0.635156 -0.408843 -0.020329 0.240725 0.504453
33 -2.331999 -0.725714 -0.405682 0.032681 0.176447 0.518099
34 -2.241856 -0.499511 -0.609319 0.117515 0.069015 0.489674
35 -2.255030 -0.492751 -0.744645 0.228607 0.095736 0.438930
36 -2.003363 -0.238087 -0.979341 0.217067 0.107344 0.514729
37 -2.047431 -0.557194 -0.804085 0.156925 0.202949 0.488924
38 -1.988407 -0.413120 -0.884484 0.154131 0.205311 0.498192
39 -1.969105 -0.124293 -1.004550 0.157593 0.201408 0.491887
40 -1.992262 -0.124332 -1.020830 0.158030 0.202890 0.480116
41 -2.168796 -0.134245 -1.063104 0.174900 0.178275 0.409157
42 -2.305470 -0.379083 -1.016049 0.205058 0.152459 0.355469
43 -2.198126 -0.422951 -0.870491 0.351277 0.193985 0.403929
44 -2.182599 -0.398204 -0.787643 0.425638 0.240009 0.403693
45 -2.256193 -0.882698 -0.532787 0.272597 0.233806 0.448371
46 3.077626 -1.138436 0.078483 0.019486 0.178451 0.450448
47 -2.393070 -0.909790 -0.632205 0.082447 0.147552 0.415816
48 -2.223366 -0.943482 -0.697442 0.104574 0.194201 0.447249
49 -2.006992 -0.940492 -0.736406 0.149593 0.270694 0.460611
50 -1.972044 -1.080730 -0.750955 0.133441 0.271976 0.446855
51 -1.875565 -0.507442 -1.061652 0.160462 0.227584 0.413432
52 -2.104268 -0.654484 -0.903473 0.370502 0.169568 0.424733
53 -2.519146 -0.173763 -0.464298 0.145853 0.025139 0.530190
54 -3.041354 -0.445595 -0.436209 0.165843 0.007139 0.478032
55 -2.617986 0.059504 -1.165343 0.113720 0.120178 0.477781
56 -2.774667 -0.761031 -0.280209 0.132287 0.168371 0.459052
57 -1.853035 -0.418528 -1.017468 0.173857 0.224558 0.435817
58 -2.266407 -0.653596 -0.709936 0.350539 0.212041 0.410437
59 -2.329185 -1.099377 -0.443367 0.191038 0.275355 0.421130
60 -2.644981 -0.807405 -0.662625 0.313457 -0.006650 0.391685
61 -2.554275 -0.701631 -1.090447 0.300324 -0.140725 0.351617
62 -2.163652 -0.613513 -1.146958 0.270513 0.096108 0.345484
