# Trajectory for replay - Robot arm end-effector poses
# Format: frame_id roll(rad) pitch(rad) yaw(rad) x(m) y(m) z(m)
# Collection time: 20251224_212059
# Collection mode: manual
#----------------------------------------------------------------------
1 3.141593 1.046814 3.141593 0.300087 0.000000 0.300196
2 -2.487181 1.076362 -2.460076 0.284331 -0.002981 0.330705
3 -2.703288 0.989811 -2.691368 0.272253 -0.004863 0.326323
4 -2.690739 0.907083 -2.667142 0.268939 -0.005861 0.321088
5 -2.702730 0.987507 -2.807606 0.271124 -0.014056 0.326670
6 3.096249 0.834337 -3.127298 0.260212 0.005085 0.310794
7 2.734460 0.854147 2.742122 0.264990 0.008691 0.316964
8 -2.847225 0.952182 -2.546383 0.262250 0.058086 0.321351
9 -3.043627 0.902161 -2.632079 0.254390 0.070689 0.316698
10 -2.510167 0.867690 -2.008211 0.257921 0.081363 0.325345
11 -2.418887 0.825611 -2.004633 0.264122 0.062215 0.326558
12 -2.415169 0.818699 -2.077954 0.267866 0.042757 0.326365
13 -2.775946 0.961362 -2.563365 0.268733 0.024057 0.324190
14 -2.460042 0.788871 -2.215242 0.268549 0.018867 0.323037
15 -2.897823 0.806744 -3.008215 0.220751 -0.002674 0.336966
16 -3.011740 1.116225 -3.017901 0.248702 0.023504 0.349453
17 3.064170 0.989951 3.118031 0.326402 0.040348 0.267391
18 -2.762874 0.818839 -2.704615 0.322116 0.030962 0.263614
19 -3.124070 0.899735 2.923898 0.302354 0.009427 0.287834
20 -2.745996 0.875038 -2.824274 0.307085 0.008430 0.289213
21 -2.350086 0.960053 -2.287533 0.318131 0.018627 0.306360
22 -2.491649 0.852942 -2.371047 0.324654 0.024578 0.260970
23 -2.464998 0.933664 -2.168554 0.325148 0.055604 0.265402
24 -2.237687 0.797546 -1.833905 0.325541 0.060397 0.268296
25 2.995997 0.949913 2.744146 0.367038 0.031298 0.224498
26 -2.655868 0.933699 -2.677248 0.408327 0.044430 0.213707
27 3.067608 0.998224 3.028164 0.408012 0.051496 0.212409
28 -3.094573 0.886470 -3.132726 0.381041 0.046425 0.193562
29 -2.763170 0.918061 -2.769488 0.389584 0.044219 0.210123
30 -2.485070 0.778068 -2.406303 0.389562 0.043861 0.210140
31 3.130457 0.944520 3.138015 0.388508 0.051865 0.208148
32 -2.875360 0.989218 -3.098396 0.381732 0.028594 0.229504
33 -3.003275 0.878128 -2.725768 0.363695 0.064537 0.193059
34 2.758929 0.838875 3.010449 0.361879 0.073473 0.194200
35 -2.962644 1.031856 -2.748562 0.345370 0.000619 0.259794
36 -2.908469 1.024892 -2.800119 0.343090 -0.039369 0.259783
37 2.822808 1.010633 2.833088 0.343161 -0.039956 0.259837
38 -2.483604 0.878197 -2.282454 0.343079 -0.039283 0.259775
39 -2.077256 1.109279 -1.903229 0.168072 -0.002169 0.294660
40 -2.353978 1.138286 -2.169654 0.166004 -0.001751 0.286924
41 -2.094552 0.943944 -1.890000 0.166265 -0.003277 0.287137
42 -2.022348 0.823359 -1.765854 0.165849 -0.000845 0.286842
43 -3.055914 1.172791 -2.725942 0.155122 0.013816 0.257128
44 -2.924858 1.085752 -2.613281 0.147067 0.010975 0.229708
45 -2.487321 1.271926 -2.464038 0.031226 0.007398 0.321658
46 -2.619530 1.136873 -2.627157 0.027378 0.002995 0.309755
47 -2.672431 1.068683 -2.895449 0.021779 -0.015243 0.303854
48 3.068638 1.061736 -3.013171 0.020612 0.024037 0.298670
49 -2.899987 1.262048 3.067486 0.013710 -0.019162 0.332403
50 -1.907645 1.298961 -1.993602 0.021585 -0.000039 0.351176
51 -2.230077 1.068037 -2.182831 0.062657 0.001759 0.340594
52 -2.791933 1.144814 -2.761425 0.024154 0.007747 0.368705
53 -2.964808 1.262763 3.080977 0.024530 -0.013336 0.376872
54 2.483429 1.052818 2.729573 0.031117 0.032208 0.318298
55 -2.412132 1.061073 -2.524427 0.034907 -0.008936 0.320839
56 -2.675956 1.118756 -2.715401 0.066209 -0.015879 0.305942
57 -3.050452 1.254316 -3.019193 0.036452 -0.023513 0.312598
58 -2.464038 1.293114 -2.654279 0.036571 -0.044466 0.321263
59 2.845882 1.124620 2.866092 0.032549 -0.021752 0.302849
60 2.835165 1.147362 3.062390 0.054287 0.025622 0.310347
61 -2.037620 0.739409 -1.794233 0.058623 0.013421 0.315735
62 2.831535 1.089958 -3.083386 0.048441 0.036687 0.305712
63 2.608429 1.109244 2.527725 0.057185 0.001917 0.311281
64 2.785511 1.229864 2.574954 0.058032 -0.011855 0.317663
65 2.309961 1.004943 2.330399 0.058141 0.013222 0.312882
66 -2.638187 1.244647 -2.803610 0.059533 -0.011942 0.320211
