# Trajectory for replay - Robot arm end-effector poses
# Format: frame_id roll(rad) pitch(rad) yaw(rad) x(m) y(m) z(m)
# Collection time: 20251023_122608
# Collection mode: manual
#----------------------------------------------------------------------
1 -2.990495 -1.363521 -0.209952 0.112480 0.022174 0.380162
2 3.062483 -1.193614 -0.061187 0.092424 0.019259 0.359873
3 2.598134 -1.483351 0.456885 0.062180 0.020491 0.358514
4 1.731870 -1.117698 1.354691 0.059921 0.023277 0.368236
5 -2.103957 -1.288634 -1.244053 0.061323 0.012567 0.356252
6 -2.849319 -1.449027 -0.077672 0.055882 0.050772 0.361798
7 2.020617 -1.308101 1.292946 0.048040 0.053719 0.355236
8 2.489172 -1.362125 0.845050 0.044293 0.066887 0.363016
9 2.783176 -1.410782 0.226276 0.066150 -0.085609 0.333184
10 2.458817 -1.234388 0.513973 0.046233 -0.069757 0.348108
11 2.636060 -1.113918 0.354663 0.065758 -0.084116 0.370061
12 2.643372 -1.089078 0.337253 0.037803 -0.075830 0.440322
13 2.802154 -1.103165 0.352615 0.046496 0.003297 0.450712
14 2.241514 -0.796314 0.986933 0.047510 0.007445 0.449420
15 -2.522520 -1.010746 -0.730001 0.052168 0.018702 0.445642
16 -3.040202 -1.264829 -0.189663 0.080135 0.004264 0.444796
17 2.906377 -1.086082 0.423510 0.112663 0.111507 0.395335
18 2.647796 -1.079389 0.472416 0.288411 0.019985 0.401254
19 -2.569528 -1.020964 -0.690477 0.275071 0.020281 0.410902
20 2.358208 -0.911486 0.865410 0.274923 0.025216 0.415812
21 1.968802 -1.176900 1.017490 0.237478 0.083469 0.361910
22 2.738148 -1.205770 0.499510 0.217031 0.120335 0.376399
23 -2.257985 -0.971083 -0.981328 0.307944 0.149381 0.368553
24 2.633066 -1.145912 0.320576 0.228019 -0.050120 0.365641
25 3.081020 -0.991501 0.330822 0.285285 -0.033885 0.586323
26 2.807348 -0.942790 0.334733 0.236056 -0.182104 0.570878
27 2.617293 -0.936525 0.507106 0.211738 -0.158788 0.546060
28 2.462476 -1.122817 0.591451 0.204378 -0.109398 0.457130
29 2.958407 -1.084890 0.140333 0.173733 -0.134093 0.415391
30 -2.758535 -1.101342 -0.439603 0.343217 0.104733 0.390286
31 2.594372 -0.989725 0.631553 0.326468 0.111713 0.362178
32 2.726355 -1.170003 0.328009 0.417375 0.073810 0.399356
33 2.793083 -1.026499 0.264007 0.378145 0.070577 0.338933
34 2.887274 -1.065217 -0.011397 0.343204 -0.001995 0.347706
35 2.380589 -1.128069 0.528570 0.322426 -0.005778 0.399304
36 -2.658660 -1.273008 -0.529217 0.304952 0.187230 0.414529
37 2.985399 -1.075062 0.199355 0.350768 0.157086 0.370429
38 -2.911026 -1.147622 -0.293811 0.293531 0.071174 0.406464
39 -3.053104 -1.061897 -0.158193 0.436380 0.052176 0.393167
40 -2.998590 -1.074365 -0.337647 0.412273 -0.004122 0.402528
41 2.338469 -0.902008 0.754188 0.399315 -0.005681 0.410010
42 -2.983522 -0.965613 -0.010049 0.389664 0.028839 0.382547
43 3.060836 -0.984184 0.038784 0.509377 0.034108 0.380529
44 2.323782 -0.714253 0.938000 0.488999 0.025578 0.389351
45 -2.409934 -0.904598 -0.702737 0.420682 -0.039270 0.385356
46 2.566666 -1.037935 0.619344 0.321926 -0.137154 0.410207
47 2.009251 -1.163262 1.073428 0.024018 -0.156231 0.289176
48 2.344977 -1.326124 0.861758 0.031807 -0.269679 0.287168
49 1.376315 -1.471804 1.856011 0.038236 -0.236678 0.210867
50 2.234748 -0.957421 0.982812 0.084338 -0.189182 0.433443
51 2.799917 -1.139975 0.336954 0.075782 -0.196191 0.420675
52 -2.840082 -1.278725 -0.207516 0.092579 -0.272319 0.386964
53 -2.859672 -1.229218 -0.034208 -0.007006 -0.205053 0.359847
54 1.541334 -1.465420 1.782332 -0.034896 -0.195404 0.288020
55 2.107019 -1.044946 1.258659 -0.025036 -0.165537 0.352718
56 2.519213 -0.950301 0.775616 0.073201 -0.204389 0.506253
57 0.893416 -1.257842 2.277332 -0.099194 -0.167306 0.187138
58 1.895783 -1.131178 1.162393 0.079830 -0.058814 0.391405
59 2.287503 -1.268767 0.785608 0.031601 -0.033024 0.385585
60 1.270321 -1.477625 1.822025 -0.035024 -0.135381 0.237861
61 -0.151087 -1.489456 -2.814753 -0.002163 -0.135549 0.222845
62 2.277786 -1.515990 1.222831 0.047862 -0.135994 0.195870
63 2.381484 -1.116793 1.019477 0.105247 -0.047432 0.418416
64 2.562853 -1.165023 0.628506 0.213691 -0.139999 0.406979
65 2.630944 -1.032656 0.768193 0.247176 -0.033822 0.374866
